win,gameDuration,kills,deaths,csPerMinute,dmgPerMinute
0,1605,3,9,6.4,429
0,2326,9,9,7.2,814
1,1824,9,3,7.4,716
1,1534,3,2,8.3,352
0,1946,8,10,7.0,680
1,1420,10,7,7.1,739
1,1696,13,4,8.8,646
0,1746,15,4,9.0,1003
0,1286,1,12,6.5,455
0,1590,4,10,6.6,572
1,1747,10,13,6.8,745
1,1805,7,8,7.0,1120
1,1552,8,8,7.7,618
0,1281,4,4,8.0,496
0,1060,4,7,5.5,625
0,1865,21,6,8.6,1302
1,1840,12,7,7.4,755
0,1292,2,4,8.1,356
0,1516,5,8,7.4,435
0,1403,7,6,8.8,611
1,1631,11,9,6.8,819
1,1409,16,4,7.5,959
0,2156,8,7,7.9,900
0,1777,2,9,7.2,376
0,1180,1,4,7.8,387
0,1484,4,11,7.8,716
1,1404,4,6,6.9,546
1,1619,5,9,6.2,587
1,1452,3,3,7.4,587
0,2201,8,12,5.9,684
1,1496,4,2,7.6,501
1,1826,5,8,5.8,521
1,2108,9,4,9.6,974
0,1653,6,8,6.8,600
1,1763,5,3,8.3,595
1,1238,6,3,6.5,655
1,1479,5,7,7.6,433
1,1535,9,3,7.7,1099
1,1999,9,8,8.6,604
1,1808,11,10,5.7,834
1,1966,10,6,7.2,970
1,1937,11,7,7.7,628
0,1396,2,5,6.3,519
1,1952,16,8,6.2,1148
1,1731,9,4,7.8,679
0,1931,9,7,5.6,668
1,2112,8,1,8.9,748
0,2110,14,8,7.6,1205
1,892,6,2,9.0,469
0,1510,6,4,7.8,645
0,1807,9,6,7.9,810
1,2518,8,13,6.7,617
1,1393,3,5,7.1,335
1,1345,8,4,8.3,562
1,1269,18,1,10.3,1092
0,1509,3,11,7.2,798
0,1473,5,10,7.7,923
1,1777,20,9,6.4,1758
0,1717,7,9,8.6,945
0,1382,3,7,7.6,650
1,1604,15,8,7.6,810
1,1564,25,3,9.4,1884
0,1965,10,10,6.5,1125
0,1772,0,9,8.1,306
1,1796,2,5,7.3,450
1,1799,6,9,6.7,544
1,1401,7,9,7.5,747
0,1360,2,9,6.4,558
1,1902,10,9,8.0,984
1,1990,11,4,8.2,821
1,1502,9,11,6.0,1146
0,1630,3,5,7.4,616
0,1357,0,3,7.8,274
1,1054,9,4,8.9,1311
1,2018,16,9,8.0,1582
0,1955,4,8,6.8,838
0,1736,5,14,5.6,709
1,1496,6,6,6.6,785
0,1927,3,8,7.4,469
1,1624,8,0,9.3,694
0,1353,3,7,7.4,516
1,1056,7,3,6.9,576
1,1475,8,1,8.4,921
1,1487,8,3,7.8,563
1,1457,9,2,10.3,754
1,1413,12,0,8.5,631
0,1741,6,7,8.0,784
1,1355,10,3,7.7,1090
0,2103,13,10,8.1,1541
1,1995,8,9,6.5,751
1,1160,12,2,8.3,1027
1,1406,12,5,8.3,1208
1,1610,11,6,8.4,938
1,1672,8,3,7.5,633
1,1796,6,7,6.5,561
0,1645,4,10,6.9,685
0,1692,5,8,6.7,678
1,1413,8,1,8.5,671
1,1547,13,5,8.0,783
1,1118,7,2,8.0,579
1,1539,8,7,6.1,749
1,1352,5,4,6.7,568
1,1929,3,14,6.0,583
1,1987,12,14,7.9,937
1,1046,6,3,9.0,814
1,1628,5,14,5.5,703
1,1404,5,5,5.6,558
1,1810,1,6,5.5,241
0,1711,6,5,8.5,603
0,1160,2,8,5.8,402
0,2106,4,8,7.4,436
1,1778,1,7,7.0,394
1,1607,10,2,7.9,806
1,1681,12,7,7.0,1047
1,1937,14,9,7.7,971
1,1231,5,0,9.4,805
1,1811,16,8,6.3,1302
1,2051,12,6,6.4,869
0,1301,4,9,5.1,699
1,1700,2,8,6.6,630
1,1344,14,9,6.5,1055
1,1297,2,3,7.7,300
0,1778,20,6,8.3,1563
0,1208,4,4,8.1,434
1,1682,9,5,9.2,743
0,1442,5,2,10.1,473
0,2190,20,8,8.1,1209
0,1196,3,6,6.2,447
1,1865,9,4,8.6,663
0,1491,4,8,7.0,364
1,1180,10,0,9.1,600
1,1588,4,4,7.2,341
1,1437,10,2,11.1,820
1,1512,12,5,8.1,815
0,1829,5,3,8.4,395
0,2041,4,6,7.3,631
1,1678,13,3,8.1,945
0,2217,7,7,7.2,695
1,1972,4,14,6.6,687
0,1438,7,12,7.1,604
0,1819,5,10,7.2,861
0,2262,16,12,7.4,1417
1,1565,7,7,8.3,611
0,1997,16,13,7.5,1423
0,1326,8,5,7.9,786
0,1948,16,8,6.6,1319
1,1439,15,1,8.7,760
0,1478,10,6,7.5,840
0,1415,10,8,7.2,1027
1,1557,9,9,6.7,776
1,1349,6,2,8.6,718
1,1790,13,5,8.0,995
0,2467,23,9,6.9,1295
1,1960,7,3,8.1,697
1,1532,13,1,9.0,1336
1,1681,11,1,8.4,640
1,1789,16,7,8.0,892
1,1493,6,4,7.1,732
1,1481,5,4,7.2,803
0,1625,2,7,5.9,314
1,1964,10,2,7.7,576
1,2160,19,5,8.4,986
0,1635,12,5,7.2,731
1,1533,10,5,7.3,930
0,1701,6,9,8.5,539
1,1375,14,2,8.4,698
0,1648,2,4,7.0,462
0,1612,9,5,8.7,791
0,1748,6,9,6.6,758
1,1767,16,5,7.7,1088
1,1769,11,1,8.8,895
0,1628,2,8,5.6,420
1,1614,6,5,7.4,432
0,1500,5,7,7.6,525
1,1989,15,10,7.3,1254
1,1881,5,10,7.5,572
0,1369,4,12,7.7,550
1,2019,4,8,6.7,667
1,1691,16,4,8.9,1157
1,1584,10,6,7.5,744
1,2063,13,10,6.9,1231
1,1770,8,5,6.4,469
0,1751,7,7,7.0,724
1,1240,22,5,7.2,1501
1,2018,13,2,8.9,1203
0,2262,1,7,7.3,397
1,1494,6,1,8.3,428
1,1474,7,7,6.8,664
1,1246,14,1,8.9,1370
0,2075,1,6,8.1,367
1,1535,8,4,9.1,802
1,1485,3,5,6.7,445
1,2055,13,6,8.6,1240
1,1243,11,2,8.8,980
1,1310,16,2,9.0,1175
1,1221,7,3,8.1,623
1,1512,10,4,8.2,701
0,1731,7,7,6.9,543
1,1457,9,6,7.0,801
1,1500,13,5,7.8,861
0,2021,12,3,7.2,1024
0,1206,3,6,5.1,257
0,1359,1,5,6.8,236
1,1325,11,3,8.7,874
0,1602,7,7,6.6,797
1,1561,12,5,9.1,1141
1,1938,11,8,8.1,805
1,1470,11,3,7.3,907
1,1079,20,2,9.5,1109
1,1419,6,1,10.2,648
1,2189,16,9,7.6,1359
0,1886,9,7,7.6,869
1,1388,7,4,8.7,598
1,1506,6,4,8.4,542
